<?xml version="1.0"?>
<opencv_storage>
<calibration_time>"Sat Apr 27 19:54:40 2024"</calibration_time>
<camera_matrix type_id="opencv-matrix">
  <rows>3</rows>
  <cols>3</cols>
  <dt>d</dt>
  <data>
    -1.4693680261090186e-39 0. -5.0000000000000000e-01 0.
    -1.4693680261090186e-39 -5.0000000000000000e-01 0. 0. 0.</data></camera_matrix>
<distortion_coefficients type_id="opencv-matrix">
  <rows>4</rows>
  <cols>1</cols>
  <dt>d</dt>
  <data>
    0. 0. 0. 0.</data></distortion_coefficients>
<rotation_vectors type_id="opencv-matrix">
  <rows>3</rows>
  <cols>1</cols>
  <dt>d</dt>
  <data>
    -3.2362374007934036e-01 -2.6196171575909294e-01
    -1.5574040198527803e+00</data></rotation_vectors>
<translation_vectors type_id="opencv-matrix">
  <rows>3</rows>
  <cols>1</cols>
  <dt>d</dt>
  <data>
    -3.8875043175147233e+00 2.5008107253430643e+00
    3.6480058037684278e+00</data></translation_vectors>
<frame_size>0</frame_size>
</opencv_storage>
